(6, 3) [[  73.   80.   75.]
 [  93.   88.   93.]
 [  89.   91.   90.]
 [  96.   98.  100.]
 [  73.   66.   70.]
 [  53.   46.   55.]] 6
(6, 1) [[ 152.]
 [ 185.]
 [ 180.]
 [ 196.]
 [ 142.]
 [ 101.]]
==========
0 Cost:  20344.3 
Prediction:
 [[ 22.04806328]
 [ 21.61978722]
 [ 24.09669304]
 [ 22.29300499]
 [ 18.6339016 ]
 [  7.2669735 ]]
100 Cost:  6.35377 
Prediction:
 [[ 155.79638672]
 [ 182.60618591]
 [ 182.59768677]
 [ 194.92845154]
 [ 141.45721436]
 [  97.87127686]]
200 Cost:  6.03492 
Prediction:
 [[ 155.69015503]
 [ 182.65692139]
 [ 182.55381775]
 [ 194.90393066]
 [ 141.52110291]
 [  97.97517395]]
300 Cost:  5.73627 
Prediction:
 [[ 155.58740234]
 [ 182.70596313]
 [ 182.51133728]
 [ 194.88031006]
 [ 141.58273315]
 [  98.07579803]]
400 Cost:  5.45649 
Prediction:
 [[ 155.48799133]
 [ 182.75337219]
 [ 182.47021484]
 [ 194.85760498]
 [ 141.64219666]
 [  98.17325592]]
500 Cost:  5.19436 
Prediction:
 [[ 155.39178467]
 [ 182.79917908]
 [ 182.43040466]
 [ 194.83575439]
 [ 141.69955444]
 [  98.26764679]]
600 Cost:  4.94875 
Prediction:
 [[ 155.29875183]
 [ 182.84352112]
 [ 182.39187622]
 [ 194.81474304]
 [ 141.75491333]
 [  98.35909271]]
700 Cost:  4.7186 
Prediction:
 [[ 155.20869446]
 [ 182.88632202]
 [ 182.35453796]
 [ 194.79450989]
 [ 141.80827332]
 [  98.44766235]]
800 Cost:  4.50295 
Prediction:
 [[ 155.12161255]
 [ 182.92771912]
 [ 182.31840515]
 [ 194.77510071]
 [ 141.85974121]
 [  98.5334549 ]]
900 Cost:  4.30083 
Prediction:
 [[ 155.03733826]
 [ 182.96772766]
 [ 182.28340149]
 [ 194.75639343]
 [ 141.90939331]
 [  98.61657715]]
1000 Cost:  4.11135 
Prediction:
 [[ 154.95578003]
 [ 183.00640869]
 [ 182.24949646]
 [ 194.73841858]
 [ 141.95724487]
 [  98.69708252]]
1100 Cost:  3.93377 
Prediction:
 [[ 154.87690735]
 [ 183.04379272]
 [ 182.21670532]
 [ 194.72119141]
 [ 142.00338745]
 [  98.77510834]]
1200 Cost:  3.7673 
Prediction:
 [[ 154.80058289]
 [ 183.07992554]
 [ 182.18493652]
 [ 194.7046051 ]
 [ 142.04786682]
 [  98.85068512]]
1300 Cost:  3.61118 
Prediction:
 [[ 154.72674561]
 [ 183.11486816]
 [ 182.15414429]
 [ 194.68869019]
 [ 142.09075928]
 [  98.92391968]]
1400 Cost:  3.46481 
Prediction:
 [[ 154.6552887 ]
 [ 183.14863586]
 [ 182.12435913]
 [ 194.67341614]
 [ 142.13209534]
 [  98.99485779]]
1500 Cost:  3.32755 
Prediction:
 [[ 154.58616638]
 [ 183.1812439 ]
 [ 182.09547424]
 [ 194.65872192]
 [ 142.17190552]
 [  99.06362152]]
1600 Cost:  3.19883 
Prediction:
 [[ 154.51930237]
 [ 183.21278381]
 [ 182.06756592]
 [ 194.64465332]
 [ 142.21029663]
 [  99.13026428]]
1700 Cost:  3.07807 
Prediction:
 [[ 154.45458984]
 [ 183.2432251 ]
 [ 182.04046631]
 [ 194.63113403]
 [ 142.24725342]
 [  99.19480896]]
1800 Cost:  2.96474 
Prediction:
 [[ 154.39198303]
 [ 183.27270508]
 [ 182.01425171]
 [ 194.61819458]
 [ 142.28286743]
 [  99.25739288]]
1900 Cost:  2.8584 
Prediction:
 [[ 154.33140564]
 [ 183.30117798]
 [ 181.98886108]
 [ 194.60578918]
 [ 142.31718445]
 [  99.31804657]]
2000 Cost:  2.75862 
Prediction:
 [[ 154.27279663]
 [ 183.32867432]
 [ 181.96426392]
 [ 194.59390259]
 [ 142.35021973]
 [  99.37683105]]
Your score will be  [[ 171.15344238]]
Other scores will be  [[ 106.72548676]
 [ 197.83129883]]
