0 Cost:  25596.1 
Prediction:
 [[  1.30126667]
 [ 14.08630085]
 [  7.04952717]
 [ 12.00622272]
 [ 10.33166981]
 [ 15.85473347]
 [  1.30126667]
 [ 14.08630085]
 [  7.04952717]
 [ 12.00622272]]
10 Cost:  40.0015 
Prediction:
 [[ 141.15631104]
 [ 112.28203583]
 [ 144.00914001]
 [ 185.6065979 ]
 [ 176.05331421]
 [ 196.04853821]
 [ 141.15631104]
 [ 112.28203583]
 [ 144.00914001]
 [ 185.6065979 ]]
20 Cost:  35.1961 
Prediction:
 [[ 176.96185303]
 [ 197.03199768]
 [ 141.83798218]
 [ 112.7705307 ]
 [ 144.79194641]
 [ 186.50706482]
 [ 176.96185303]
 [ 197.03199768]
 [ 141.83798218]
 [ 112.7705307 ]]
30 Cost:  26.9554 
Prediction:
 [[ 144.6230011 ]
 [ 186.26420593]
 [ 176.74357605]
 [ 196.78837585]
 [ 141.64772034]
 [ 112.61644745]
 [ 144.6230011 ]
 [ 186.26420593]
 [ 176.74357605]
 [ 196.78837585]]
40 Cost:  39.3082 
Prediction:
 [[ 141.94702148]
 [ 112.82356262]
 [ 144.98751831]
 [ 186.66317749]
 [ 177.15734863]
 [ 197.23320007]
 [ 141.94702148]
 [ 112.82356262]
 [ 144.98751831]
 [ 186.66317749]]
50 Cost:  34.7296 
Prediction:
 [[ 176.99989319]
 [ 197.05580139]
 [ 141.80349731]
 [ 112.70381165]
 [ 144.87017822]
 [ 186.48176575]
 [ 176.99989319]
 [ 197.05580139]
 [ 141.80349731]
 [ 112.70381165]]
60 Cost:  26.5314 
Prediction:
 [[ 144.69555664]
 [ 186.23245239]
 [ 176.77507019]
 [ 196.80508423]
 [ 141.60838318]
 [ 112.54627228]
 [ 144.69555664]
 [ 186.23245239]
 [ 176.77507019]
 [ 196.80508423]]
70 Cost:  38.7403 
Prediction:
 [[ 141.90452576]
 [ 112.75117493]
 [ 145.05625916]
 [ 186.62721252]
 [ 177.18449402]
 [ 197.245224  ]
 [ 141.90452576]
 [ 112.75117493]
 [ 145.05625916]
 [ 186.62721252]]
80 Cost:  34.2646 
Prediction:
 [[ 177.03013611]
 [ 197.07119751]
 [ 141.7636261 ]
 [ 112.633461  ]
 [ 144.94136047]
 [ 186.44915771]
 [ 177.03013611]
 [ 197.07119751]
 [ 141.7636261 ]
 [ 112.633461  ]]
90 Cost:  26.1158 
Prediction:
 [[ 144.76734924]
 [ 186.20097351]
 [ 176.80619812]
 [ 196.82151794]
 [ 141.56942749]
 [ 112.47670746]
 [ 144.76734924]
 [ 186.20097351]
 [ 176.80619812]
 [ 196.82151794]]
100 Cost:  38.1831 
Prediction:
 [[ 141.86254883]
 [ 112.67947388]
 [ 145.12434387]
 [ 186.59169006]
 [ 177.21142578]
 [ 197.2571106 ]
 [ 141.86254883]
 [ 112.67947388]
 [ 145.12434387]
 [ 186.59169006]]
110 Cost:  33.8082 
Prediction:
 [[ 177.06007385]
 [ 197.08641052]
 [ 141.72419739]
 [ 112.56375885]
 [ 145.01182556]
 [ 186.41687012]
 [ 177.06007385]
 [ 197.08641052]
 [ 141.72419739]
 [ 112.56375885]]
120 Cost:  25.7083 
Prediction:
 [[ 144.83842468]
 [ 186.16983032]
 [ 176.83705139]
 [ 196.8377533 ]
 [ 141.53094482]
 [ 112.40779877]
 [ 144.83842468]
 [ 186.16983032]
 [ 176.83705139]
 [ 196.8377533 ]]
130 Cost:  37.6364 
Prediction:
 [[ 141.8210144 ]
 [ 112.60842896]
 [ 145.19172668]
 [ 186.55645752]
 [ 177.23805237]
 [ 197.26881409]
 [ 141.8210144 ]
 [ 112.60842896]
 [ 145.19172668]
 [ 186.55645752]]
140 Cost:  33.3603 
Prediction:
 [[ 177.08972168]
 [ 197.10145569]
 [ 141.6852417 ]
 [ 112.49472046]
 [ 145.08161926]
 [ 186.38491821]
 [ 177.08972168]
 [ 197.10145569]
 [ 141.6852417 ]
 [ 112.49472046]]
150 Cost:  25.3088 
Prediction:
 [[ 144.90884399]
 [ 186.13902283]
 [ 176.86761475]
 [ 196.85383606]
 [ 141.4928894 ]
 [ 112.33955383]
 [ 144.90884399]
 [ 186.13902283]
 [ 176.86761475]
 [ 196.85383606]]
160 Cost:  37.1001 
Prediction:
 [[ 141.77993774]
 [ 112.53806305]
 [ 145.25843811]
 [ 186.52159119]
 [ 177.26443481]
 [ 197.28036499]
 [ 141.77993774]
 [ 112.53806305]
 [ 145.25843811]
 [ 186.52159119]]
170 Cost:  32.9207 
Prediction:
 [[ 177.11906433]
 [ 197.11627197]
 [ 141.64666748]
 [ 112.42631531]
 [ 145.15068054]
 [ 186.35327148]
 [ 177.11906433]
 [ 197.11627197]
 [ 141.64666748]
 [ 112.42631531]]
180 Cost:  24.9172 
Prediction:
 [[ 144.97851562]
 [ 186.10850525]
 [ 176.89787292]
 [ 196.86967468]
 [ 141.45524597]
 [ 112.27191162]
 [ 144.97851562]
 [ 186.10850525]
 [ 176.89787292]
 [ 196.86967468]]
190 Cost:  36.5739 
Prediction:
 [[ 141.73933411]
 [ 112.46834564]
 [ 145.32450867]
 [ 186.48710632]
 [ 177.29057312]
 [ 197.29177856]
 [ 141.73933411]
 [ 112.46834564]
 [ 145.32450867]
 [ 186.48710632]]
200 Cost:  32.4892 
Prediction:
 [[ 177.14816284]
 [ 197.13092041]
 [ 141.60856628]
 [ 112.35855103]
 [ 145.21908569]
 [ 186.32197571]
 [ 177.14816284]
 [ 197.13092041]
 [ 141.60856628]
 [ 112.35855103]]
210 Cost:  24.5333 
Prediction:
 [[ 145.04751587]
 [ 186.07829285]
 [ 176.92782593]
 [ 196.88531494]
 [ 141.41802979]
 [ 112.20492554]
 [ 145.04751587]
 [ 186.07829285]
 [ 176.92782593]
 [ 196.88531494]]
220 Cost:  36.0576 
Prediction:
 [[ 141.69918823]
 [ 112.39929962]
 [ 145.38993835]
 [ 186.45298767]
 [ 177.31648254]
 [ 197.30303955]
 [ 141.69918823]
 [ 112.39929962]
 [ 145.38993835]
 [ 186.45298767]]
230 Cost:  32.0658 
Prediction:
 [[ 177.17695618]
 [ 197.14537048]
 [ 141.57087708]
 [ 112.29142761]
 [ 145.2868042 ]
 [ 186.29098511]
 [ 177.17695618]
 [ 197.14537048]
 [ 141.57087708]
 [ 112.29142761]]
240 Cost:  24.1568 
Prediction:
 [[ 145.11584473]
 [ 186.04840088]
 [ 176.95751953]
 [ 196.90078735]
 [ 141.38124084]
 [ 112.1385498 ]
 [ 145.11584473]
 [ 186.04840088]
 [ 176.95751953]
 [ 196.90078735]]
250 Cost:  35.5511 
Prediction:
 [[ 141.6594696 ]
 [ 112.33088684]
 [ 145.45469666]
 [ 186.41917419]
 [ 177.34211731]
 [ 197.31411743]
 [ 141.6594696 ]
 [ 112.33088684]
 [ 145.45469666]
 [ 186.41917419]]
260 Cost:  31.6501 
Prediction:
 [[ 177.20549011]
 [ 197.15966797]
 [ 141.53361511]
 [ 112.22492218]
 [ 145.35385132]
 [ 186.2603302 ]
 [ 177.20549011]
 [ 197.15966797]
 [ 141.53361511]
 [ 112.22492218]]
270 Cost:  23.7878 
Prediction:
 [[ 145.18347168]
 [ 186.01882935]
 [ 176.98690796]
 [ 196.91604614]
 [ 141.34486389]
 [ 112.07282257]
 [ 145.18347168]
 [ 186.01882935]
 [ 176.98690796]
 [ 196.91604614]]
280 Cost:  35.0542 
Prediction:
 [[ 141.62023926]
 [ 112.26312256]
 [ 145.51882935]
 [ 186.38575745]
 [ 177.36753845]
 [ 197.32510376]
 [ 141.62023926]
 [ 112.26312256]
 [ 145.51882935]
 [ 186.38575745]]
290 Cost:  31.2421 
Prediction:
 [[ 177.23373413]
 [ 197.17375183]
 [ 141.49676514]
 [ 112.15904236]
 [ 145.42022705]
 [ 186.22998047]
 [ 177.23373413]
 [ 197.17375183]
 [ 141.49676514]
 [ 112.15904236]]
300 Cost:  23.4259 
Prediction:
 [[ 145.25048828]
 [ 185.98957825]
 [ 177.0160675 ]
 [ 196.9311676 ]
 [ 141.30892944]
 [ 112.00770569]
 [ 145.25048828]
 [ 185.98957825]
 [ 177.0160675 ]
 [ 196.9311676 ]]
310 Cost:  34.5666 
Prediction:
 [[ 141.5814209 ]
 [ 112.19600677]
 [ 145.58233643]
 [ 186.35266113]
 [ 177.39271545]
 [ 197.3359375 ]
 [ 141.5814209 ]
 [ 112.19600677]
 [ 145.58233643]
 [ 186.35266113]]
320 Cost:  30.8416 
Prediction:
 [[ 177.26170349]
 [ 197.18766785]
 [ 141.46034241]
 [ 112.09376526]
 [ 145.48596191]
 [ 186.19993591]
 [ 177.26170349]
 [ 197.18766785]
 [ 141.46034241]
 [ 112.09376526]]
330 Cost:  23.0712 
Prediction:
 [[ 145.31678772]
 [ 185.96057129]
 [ 177.04489136]
 [ 196.94604492]
 [ 141.27336121]
 [ 111.94317627]
 [ 145.31678772]
 [ 185.96057129]
 [ 177.04489136]
 [ 196.94604492]]
340 Cost:  34.0882 
Prediction:
 [[ 141.54302979]
 [ 112.12950134]
 [ 145.6452179 ]
 [ 186.31991577]
 [ 177.41764832]
 [ 197.34661865]
 [ 141.54302979]
 [ 112.12950134]
 [ 145.6452179 ]
 [ 186.31991577]]
350 Cost:  30.4486 
Prediction:
 [[ 177.28942871]
 [ 197.20143127]
 [ 141.42434692]
 [ 112.02912903]
 [ 145.55104065]
 [ 186.17021179]
 [ 177.28942871]
 [ 197.20143127]
 [ 141.42434692]
 [ 112.02912903]]
360 Cost:  22.7235 
Prediction:
 [[ 145.38243103]
 [ 185.93188477]
 [ 177.07344055]
 [ 196.96072388]
 [ 141.23820496]
 [ 111.87924957]
 [ 145.38243103]
 [ 185.93188477]
 [ 177.07344055]
 [ 196.96072388]]
370 Cost:  33.6188 
Prediction:
 [[ 141.50508118]
 [ 112.06360626]
 [ 145.70744324]
 [ 186.28746033]
 [ 177.44232178]
 [ 197.35710144]
 [ 141.50508118]
 [ 112.06360626]
 [ 145.70744324]
 [ 186.28746033]]
380 Cost:  30.0626 
Prediction:
 [[ 177.31687927]
 [ 197.21498108]
 [ 141.38873291]
 [ 111.96505737]
 [ 145.61547852]
 [ 186.14077759]
 [ 177.31687927]
 [ 197.21498108]
 [ 141.38873291]
 [ 111.96505737]]
390 Cost:  22.3825 
Prediction:
 [[ 145.44746399]
 [ 185.90351868]
 [ 177.10174561]
 [ 196.97528076]
 [ 141.20346069]
 [ 111.8159256 ]
 [ 145.44746399]
 [ 185.90351868]
 [ 177.10174561]
 [ 196.97528076]]
400 Cost:  33.1582 
Prediction:
 [[ 141.46757507]
 [ 111.99833679]
 [ 145.76907349]
 [ 186.25538635]
 [ 177.46676636]
 [ 197.36750793]
 [ 141.46757507]
 [ 111.99833679]
 [ 145.76907349]
 [ 186.25538635]]
410 Cost:  29.6839 
Prediction:
 [[ 177.34403992]
 [ 197.22836304]
 [ 141.35351562]
 [ 111.90158844]
 [ 145.67926025]
 [ 186.1116333 ]
 [ 177.34403992]
 [ 197.22836304]
 [ 141.35351562]
 [ 111.90158844]]
420 Cost:  22.0483 
Prediction:
 [[ 145.5118103 ]
 [ 185.87542725]
 [ 177.12976074]
 [ 196.98962402]
 [ 141.16911316]
 [ 111.75320435]
 [ 145.5118103 ]
 [ 185.87542725]
 [ 177.12976074]
 [ 196.98962402]]
430 Cost:  32.7063 
Prediction:
 [[ 141.43048096]
 [ 111.93369293]
 [ 145.83010864]
 [ 186.22364807]
 [ 177.49099731]
 [ 197.37774658]
 [ 141.43048096]
 [ 111.93369293]
 [ 145.83010864]
 [ 186.22364807]]
440 Cost:  29.3121 
Prediction:
 [[ 177.37095642]
 [ 197.24157715]
 [ 141.31871033]
 [ 111.83872223]
 [ 145.74241638]
 [ 186.08279419]
 [ 177.37095642]
 [ 197.24157715]
 [ 141.31871033]
 [ 111.83872223]]
450 Cost:  21.7205 
Prediction:
 [[ 145.57554626]
 [ 185.84764099]
 [ 177.15753174]
 [ 197.00378418]
 [ 141.13516235]
 [ 111.6910553 ]
 [ 145.57554626]
 [ 185.84764099]
 [ 177.15753174]
 [ 197.00378418]]
460 Cost:  32.2628 
Prediction:
 [[ 141.39379883]
 [ 111.86963654]
 [ 145.89053345]
 [ 186.19221497]
 [ 177.51499939]
 [ 197.3878479 ]
 [ 141.39379883]
 [ 111.86963654]
 [ 145.89053345]
 [ 186.19221497]]
470 Cost:  28.9471 
Prediction:
 [[ 177.39764404]
 [ 197.25463867]
 [ 141.28430176]
 [ 111.77645874]
 [ 145.80496216]
 [ 186.05427551]
 [ 177.39764404]
 [ 197.25463867]
 [ 141.28430176]
 [ 111.77645874]]
480 Cost:  21.3992 
Prediction:
 [[ 145.63864136]
 [ 185.82012939]
 [ 177.18502808]
 [ 197.01779175]
 [ 141.10157776]
 [ 111.62947845]
 [ 145.63864136]
 [ 185.82012939]
 [ 177.18502808]
 [ 197.01779175]]
490 Cost:  31.8277 
Prediction:
 [[ 141.35752869]
 [ 111.80617523]
 [ 145.9503479 ]
 [ 186.16110229]
 [ 177.53877258]
 [ 197.39782715]
 [ 141.35752869]
 [ 111.80617523]
 [ 145.9503479 ]
 [ 186.16110229]]
500 Cost:  28.5888 
Prediction:
 [[ 177.42405701]
 [ 197.26753235]
 [ 141.25030518]
 [ 111.71475983]
 [ 145.86689758]
 [ 186.02604675]
 [ 177.42405701]
 [ 197.26753235]
 [ 141.25030518]
 [ 111.71475983]]
510 Cost:  21.0841 
Prediction:
 [[ 145.70114136]
 [ 185.79290771]
 [ 177.21226501]
 [ 197.03158569]
 [ 141.06838989]
 [ 111.56848145]
 [ 145.70114136]
 [ 185.79290771]
 [ 177.21226501]
 [ 197.03158569]]
520 Cost:  31.4007 
Prediction:
 [[ 141.32168579]
 [ 111.74331665]
 [ 146.00958252]
 [ 186.13031006]
 [ 177.56231689]
 [ 197.40766907]
 [ 141.32168579]
 [ 111.74331665]
 [ 146.00958252]
 [ 186.13031006]]
530 Cost:  28.2371 
Prediction:
 [[ 177.45021057]
 [ 197.28024292]
 [ 141.21664429]
 [ 111.65362549]
 [ 145.92819214]
 [ 185.99807739]
 [ 177.45021057]
 [ 197.28024292]
 [ 141.21664429]
 [ 111.65362549]]
540 Cost:  20.7752 
Prediction:
 [[ 145.76300049]
 [ 185.76596069]
 [ 177.23924255]
 [ 197.04524231]
 [ 141.03556824]
 [ 111.50805664]
 [ 145.76300049]
 [ 185.76596069]
 [ 177.23924255]
 [ 197.04524231]]
550 Cost:  30.9817 
Prediction:
 [[ 141.28625488]
 [ 111.68104553]
 [ 146.0682373 ]
 [ 186.09985352]
 [ 177.58564758]
 [ 197.41737366]
 [ 141.28625488]
 [ 111.68104553]
 [ 146.0682373 ]
 [ 186.09985352]]
560 Cost:  27.8918 
Prediction:
 [[ 177.47610474]
 [ 197.29278564]
 [ 141.18341064]
 [ 111.59306335]
 [ 145.98887634]
 [ 185.97041321]
 [ 177.47610474]
 [ 197.29278564]
 [ 141.18341064]
 [ 111.59306335]]
570 Cost:  20.4723 
Prediction:
 [[ 145.82424927]
 [ 185.73927307]
 [ 177.26593018]
 [ 197.0586853 ]
 [ 141.00314331]
 [ 111.44818115]
 [ 145.82424927]
 [ 185.73927307]
 [ 177.26593018]
 [ 197.0586853 ]]
580 Cost:  30.5706 
Prediction:
 [[ 141.25119019]
 [ 111.61935425]
 [ 146.12631226]
 [ 186.06968689]
 [ 177.60876465]
 [ 197.42694092]
 [ 141.25119019]
 [ 111.61935425]
 [ 146.12631226]
 [ 186.06968689]]
590 Cost:  27.5527 
Prediction:
 [[ 177.50177002]
 [ 197.30519104]
 [ 141.15055847]
 [ 111.5330658 ]
 [ 146.04899597]
 [ 185.9430542 ]
 [ 177.50177002]
 [ 197.30519104]
 [ 141.15055847]
 [ 111.5330658 ]]
600 Cost:  20.1753 
Prediction:
 [[ 145.88490295]
 [ 185.71290588]
 [ 177.29240417]
 [ 197.07197571]
 [ 140.97108459]
 [ 111.3888855 ]
 [ 145.88490295]
 [ 185.71290588]
 [ 177.29240417]
 [ 197.07197571]]
610 Cost:  30.1671 
Prediction:
 [[ 141.21656799]
 [ 111.55822754]
 [ 146.18382263]
 [ 186.03985596]
 [ 177.63165283]
 [ 197.43638611]
 [ 141.21656799]
 [ 111.55822754]
 [ 146.18382263]
 [ 186.03985596]]
620 Cost:  27.2198 
Prediction:
 [[ 177.5271759 ]
 [ 197.31739807]
 [ 141.11805725]
 [ 111.47360992]
 [ 146.10850525]
 [ 185.91593933]
 [ 177.5271759 ]
 [ 197.31739807]
 [ 141.11805725]
 [ 111.47360992]]
630 Cost:  19.8842 
Prediction:
 [[ 145.94493103]
 [ 185.68675232]
 [ 177.31860352]
 [ 197.08509827]
 [ 140.93937683]
 [ 111.33010864]
 [ 145.94493103]
 [ 185.68675232]
 [ 177.31860352]
 [ 197.08509827]]
640 Cost:  29.7711 
Prediction:
 [[ 141.18231201]
 [ 111.49766541]
 [ 146.24075317]
 [ 186.01031494]
 [ 177.65431213]
 [ 197.44567871]
 [ 141.18231201]
 [ 111.49766541]
 [ 146.24075317]
 [ 186.01031494]]
650 Cost:  26.893 
Prediction:
 [[ 177.55236816]
 [ 197.32948303]
 [ 141.0859375 ]
 [ 111.41472626]
 [ 146.16741943]
 [ 185.88912964]
 [ 177.55236816]
 [ 197.32948303]
 [ 141.0859375 ]
 [ 111.41472626]]
660 Cost:  19.5987 
Prediction:
 [[ 146.00439453]
 [ 185.66091919]
 [ 177.34455872]
 [ 197.09805298]
 [ 140.90805054]
 [ 111.27189636]
 [ 146.00439453]
 [ 185.66091919]
 [ 177.34455872]
 [ 197.09805298]]
670 Cost:  29.3825 
Prediction:
 [[ 141.14846802]
 [ 111.43769073]
 [ 146.2971344 ]
 [ 185.98109436]
 [ 177.67678833]
 [ 197.45487976]
 [ 141.14846802]
 [ 111.43769073]
 [ 146.2971344 ]
 [ 185.98109436]]
680 Cost:  26.5722 
Prediction:
 [[ 177.57730103]
 [ 197.34138489]
 [ 141.05418396]
 [ 111.35638428]
 [ 146.22575378]
 [ 185.86257935]
 [ 177.57730103]
 [ 197.34138489]
 [ 141.05418396]
 [ 111.35638428]]
690 Cost:  19.3187 
Prediction:
 [[ 146.06326294]
 [ 185.6353302 ]
 [ 177.37028503]
 [ 197.11083984]
 [ 140.8770752 ]
 [ 111.21421814]
 [ 146.06326294]
 [ 185.6353302 ]
 [ 177.37028503]
 [ 197.11083984]]
700 Cost:  29.0012 
Prediction:
 [[ 141.11500549]
 [ 111.37825012]
 [ 146.35295105]
 [ 185.95214844]
 [ 177.69903564]
 [ 197.46391296]
 [ 141.11500549]
 [ 111.37825012]
 [ 146.35295105]
 [ 185.95214844]]
710 Cost:  26.2572 
Prediction:
 [[ 177.60198975]
 [ 197.35313416]
 [ 141.02279663]
 [ 111.29856873]
 [ 146.28349304]
 [ 185.83630371]
 [ 177.60198975]
 [ 197.35313416]
 [ 141.02279663]
 [ 111.29856873]]
720 Cost:  19.0442 
Prediction:
 [[ 146.12153625]
 [ 185.61001587]
 [ 177.39575195]
 [ 197.12347412]
 [ 140.84646606]
 [ 111.15707397]
 [ 146.12153625]
 [ 185.61001587]
 [ 177.39575195]
 [ 197.12347412]]
730 Cost:  28.627 
Prediction:
 [[ 141.08189392]
 [ 111.31937408]
 [ 146.40820312]
 [ 185.92350769]
 [ 177.72105408]
 [ 197.47283936]
 [ 141.08189392]
 [ 111.31937408]
 [ 146.40820312]
 [ 185.92350769]]
740 Cost:  25.9478 
Prediction:
 [[ 177.62646484]
 [ 197.36474609]
 [ 140.99176025]
 [ 111.24130249]
 [ 146.34069824]
 [ 185.81031799]
 [ 177.62646484]
 [ 197.36474609]
 [ 140.99176025]
 [ 111.24130249]]
750 Cost:  18.7751 
Prediction:
 [[ 146.179245  ]
 [ 185.58496094]
 [ 177.42097473]
 [ 197.13594055]
 [ 140.81622314]
 [ 111.10045624]
 [ 146.179245  ]
 [ 185.58496094]
 [ 177.42097473]
 [ 197.13594055]]
760 Cost:  28.2597 
Prediction:
 [[ 141.04919434]
 [ 111.2610321 ]
 [ 146.46292114]
 [ 185.89517212]
 [ 177.74290466]
 [ 197.48164368]
 [ 141.04919434]
 [ 111.2610321 ]
 [ 146.46292114]
 [ 185.89517212]]
770 Cost:  25.6441 
Prediction:
 [[ 177.6506958 ]
 [ 197.37619019]
 [ 140.96110535]
 [ 111.18455505]
 [ 146.39730835]
 [ 185.78457642]
 [ 177.6506958 ]
 [ 197.37619019]
 [ 140.96110535]
 [ 111.18455505]]
780 Cost:  18.5111 
Prediction:
 [[ 146.23638916]
 [ 185.56015015]
 [ 177.44595337]
 [ 197.14823914]
 [ 140.78630066]
 [ 111.0443573 ]
 [ 146.23638916]
 [ 185.56015015]
 [ 177.44595337]
 [ 197.14823914]]
790 Cost:  27.8991 
Prediction:
 [[ 141.01687622]
 [ 111.20323944]
 [ 146.51712036]
 [ 185.86714172]
 [ 177.76452637]
 [ 197.49031067]
 [ 141.01687622]
 [ 111.20323944]
 [ 146.51712036]
 [ 185.86714172]]
800 Cost:  25.3459 
Prediction:
 [[ 177.67468262]
 [ 197.38746643]
 [ 140.93077087]
 [ 111.12834167]
 [ 146.45336914]
 [ 185.7591095 ]
 [ 177.67468262]
 [ 197.38746643]
 [ 140.93077087]
 [ 111.12834167]]
810 Cost:  18.2524 
Prediction:
 [[ 146.29296875]
 [ 185.53561401]
 [ 177.47071838]
 [ 197.16040039]
 [ 140.75675964]
 [ 110.98880005]
 [ 146.29296875]
 [ 185.53561401]
 [ 177.47071838]
 [ 197.16040039]]
820 Cost:  27.5454 
Prediction:
 [[ 140.9848938 ]
 [ 111.14598846]
 [ 146.57077026]
 [ 185.83937073]
 [ 177.78593445]
 [ 197.49887085]
 [ 140.9848938 ]
 [ 111.14598846]
 [ 146.57077026]
 [ 185.83937073]]
830 Cost:  25.053 
Prediction:
 [[ 177.69845581]
 [ 197.39863586]
 [ 140.90081787]
 [ 111.07264709]
 [ 146.50888062]
 [ 185.73391724]
 [ 177.69845581]
 [ 197.39863586]
 [ 140.90081787]
 [ 111.07264709]]
840 Cost:  17.9986 
Prediction:
 [[ 146.34898376]
 [ 185.51133728]
 [ 177.49523926]
 [ 197.1723938 ]
 [ 140.72753906]
 [ 110.93373871]
 [ 146.34898376]
 [ 185.51133728]
 [ 177.49523926]
 [ 197.1723938 ]]
850 Cost:  27.1982 
Prediction:
 [[ 140.95330811]
 [ 111.08926392]
 [ 146.62388611]
 [ 185.81190491]
 [ 177.80715942]
 [ 197.5072937 ]
 [ 140.95330811]
 [ 111.08926392]
 [ 146.62388611]
 [ 185.81190491]]
860 Cost:  24.7654 
Prediction:
 [[ 177.72200012]
 [ 197.40962219]
 [ 140.87120056]
 [ 111.01745605]
 [ 146.56384277]
 [ 185.70895386]
 [ 177.72200012]
 [ 197.40962219]
 [ 140.87120056]
 [ 111.01745605]]
870 Cost:  17.7498 
Prediction:
 [[ 146.4044342 ]
 [ 185.48728943]
 [ 177.51950073]
 [ 197.1842041 ]
 [ 140.69865417]
 [ 110.87918854]
 [ 146.4044342 ]
 [ 185.48728943]
 [ 177.51950073]
 [ 197.1842041 ]]
880 Cost:  26.8574 
Prediction:
 [[ 140.92208862]
 [ 111.03307343]
 [ 146.6764679 ]
 [ 185.78474426]
 [ 177.82820129]
 [ 197.515625  ]
 [ 140.92208862]
 [ 111.03307343]
 [ 146.6764679 ]
 [ 185.78474426]]
890 Cost:  24.483 
Prediction:
 [[ 177.74533081]
 [ 197.42047119]
 [ 140.84191895]
 [ 110.96278381]
 [ 146.61825562]
 [ 185.68426514]
 [ 177.74533081]
 [ 197.42047119]
 [ 140.84191895]
 [ 110.96278381]]
900 Cost:  17.5057 
Prediction:
 [[ 146.4593811 ]
 [ 185.46351624]
 [ 177.54356384]
 [ 197.19589233]
 [ 140.67012024]
 [ 110.82514191]
 [ 146.4593811 ]
 [ 185.46351624]
 [ 177.54356384]
 [ 197.19589233]]
910 Cost:  26.5229 
Prediction:
 [[ 140.89120483]
 [ 110.97737885]
 [ 146.72854614]
 [ 185.75782776]
 [ 177.84901428]
 [ 197.52380371]
 [ 140.89120483]
 [ 110.97737885]
 [ 146.72854614]
 [ 185.75782776]]
920 Cost:  24.2057 
Prediction:
 [[ 177.76841736]
 [ 197.43115234]
 [ 140.81295776]
 [ 110.90860748]
 [ 146.6721344 ]
 [ 185.65982056]
 [ 177.76841736]
 [ 197.43115234]
 [ 140.81295776]
 [ 110.90860748]]
930 Cost:  17.2664 
Prediction:
 [[ 146.51374817]
 [ 185.43997192]
 [ 177.56739807]
 [ 197.20741272]
 [ 140.641922  ]
 [ 110.77159882]
 [ 146.51374817]
 [ 185.43997192]
 [ 177.56739807]
 [ 197.20741272]]
940 Cost:  26.1946 
Prediction:
 [[ 140.86070251]
 [ 110.92222595]
 [ 146.78010559]
 [ 185.73118591]
 [ 177.86964417]
 [ 197.53187561]
 [ 140.86070251]
 [ 110.92222595]
 [ 146.78010559]
 [ 185.73118591]]
950 Cost:  23.9334 
Prediction:
 [[ 177.79129028]
 [ 197.44171143]
 [ 140.78436279]
 [ 110.85493469]
 [ 146.72546387]
 [ 185.63562012]
 [ 177.79129028]
 [ 197.44171143]
 [ 140.78436279]
 [ 110.85493469]]
960 Cost:  17.0318 
Prediction:
 [[ 146.56756592]
 [ 185.41664124]
 [ 177.5909729 ]
 [ 197.21878052]
 [ 140.61402893]
 [ 110.71852875]
 [ 146.56756592]
 [ 185.41664124]
 [ 177.5909729 ]
 [ 197.21878052]]
970 Cost:  25.8723 
Prediction:
 [[ 140.83053589]
 [ 110.86756134]
 [ 146.83117676]
 [ 185.70483398]
 [ 177.89009094]
 [ 197.53985596]
 [ 140.83053589]
 [ 110.86756134]
 [ 146.83117676]
 [ 185.70483398]]
980 Cost:  23.6659 
Prediction:
 [[ 177.8139801 ]
 [ 197.45213318]
 [ 140.75611877]
 [ 110.80177307]
 [ 146.77830505]
 [ 185.61172485]
 [ 177.8139801 ]
 [ 197.45213318]
 [ 140.75611877]
 [ 110.80177307]]
990 Cost:  16.8017 
Prediction:
 [[ 146.62089539]
 [ 185.39360046]
 [ 177.61436462]
 [ 197.23001099]
 [ 140.58647156]
 [ 110.66596222]
 [ 146.62089539]
 [ 185.39360046]
 [ 177.61436462]
 [ 197.23001099]]
1000 Cost:  25.556 
Prediction:
 [[ 140.80072021]
 [ 110.81342316]
 [ 146.88172913]
 [ 185.67877197]
 [ 177.9103241 ]
 [ 197.54769897]
 [ 140.80072021]
 [ 110.81342316]
 [ 146.88172913]
 [ 185.67877197]]
1010 Cost:  23.4032 
Prediction:
 [[ 177.83641052]
 [ 197.46240234]
 [ 140.72816467]
 [ 110.74906921]
 [ 146.83059692]
 [ 185.58802795]
 [ 177.83641052]
 [ 197.46240234]
 [ 140.72816467]
 [ 110.74906921]]
1020 Cost:  16.576 
Prediction:
 [[ 146.67366028]
 [ 185.37078857]
 [ 177.63751221]
 [ 197.24107361]
 [ 140.55924988]
 [ 110.61388397]
 [ 146.67366028]
 [ 185.37078857]
 [ 177.63751221]
 [ 197.24107361]]
1030 Cost:  25.2455 
Prediction:
 [[ 140.77125549]
 [ 110.75977325]
 [ 146.93177795]
 [ 185.65296936]
 [ 177.9303894 ]
 [ 197.55543518]
 [ 140.77125549]
 [ 110.75977325]
 [ 146.93177795]
 [ 185.65296936]]
1040 Cost:  23.1452 
Prediction:
 [[ 177.85864258]
 [ 197.47253418]
 [ 140.70054626]
 [ 110.6968689 ]
 [ 146.88237   ]
 [ 185.56459045]
 [ 177.85864258]
 [ 197.47253418]
 [ 140.70054626]
 [ 110.6968689 ]]
1050 Cost:  16.3548 
Prediction:
 [[ 146.72590637]
 [ 185.34822083]
 [ 177.66044617]
 [ 197.2519989 ]
 [ 140.53233337]
 [ 110.56227875]
 [ 146.72590637]
 [ 185.34822083]
 [ 177.66044617]
 [ 197.2519989 ]]
1060 Cost:  24.9407 
Prediction:
 [[ 140.74214172]
 [ 110.70661163]
 [ 146.9813385 ]
 [ 185.62742615]
 [ 177.95025635]
 [ 197.56304932]
 [ 140.74214172]
 [ 110.70661163]
 [ 146.9813385 ]
 [ 185.62742615]]
1070 Cost:  22.8918 
Prediction:
 [[ 177.88066101]
 [ 197.48254395]
 [ 140.67324829]
 [ 110.64514923]
 [ 146.93363953]
 [ 185.54138184]
 [ 177.88066101]
 [ 197.48254395]
 [ 140.67324829]
 [ 110.64514923]]
1080 Cost:  16.1378 
Prediction:
 [[ 146.77764893]
 [ 185.3258667 ]
 [ 177.68315125]
 [ 197.26278687]
 [ 140.5057373 ]
 [ 110.51113892]
 [ 146.77764893]
 [ 185.3258667 ]
 [ 177.68315125]
 [ 197.26278687]]
1090 Cost:  24.6415 
Prediction:
 [[ 140.71336365]
 [ 110.65395355]
 [ 147.03042603]
 [ 185.60215759]
 [ 177.96994019]
 [ 197.5705719 ]
 [ 140.71336365]
 [ 110.65395355]
 [ 147.03042603]
 [ 185.60215759]]
1100 Cost:  22.643 
Prediction:
 [[ 177.90248108]
 [ 197.49240112]
 [ 140.64630127]
 [ 110.59391022]
 [ 146.98439026]
 [ 185.51843262]
 [ 177.90248108]
 [ 197.49240112]
 [ 140.64630127]
 [ 110.59391022]]
1110 Cost:  15.9249 
Prediction:
 [[ 146.82888794]
 [ 185.30375671]
 [ 177.70567322]
 [ 197.27342224]
 [ 140.47944641]
 [ 110.46048737]
 [ 146.82888794]
 [ 185.30375671]
 [ 177.70567322]
 [ 197.27342224]]
1120 Cost:  24.3478 
Prediction:
 [[ 140.68490601]
 [ 110.60176849]
 [ 147.07901001]
 [ 185.57713318]
 [ 177.98945618]
 [ 197.57795715]
 [ 140.68490601]
 [ 110.60176849]
 [ 147.07901001]
 [ 185.57713318]]
1130 Cost:  22.3985 
Prediction:
 [[ 177.92408752]
 [ 197.50212097]
 [ 140.61962891]
 [ 110.54312897]
 [ 147.03465271]
 [ 185.49568176]
 [ 177.92408752]
 [ 197.50212097]
 [ 140.61962891]
 [ 110.54312897]]
1140 Cost:  15.7162 
Prediction:
 [[ 146.87960815]
 [ 185.28187561]
 [ 177.72795105]
 [ 197.28392029]
 [ 140.45349121]
 [ 110.41029358]
 [ 146.87960815]
 [ 185.28187561]
 [ 177.72795105]
 [ 197.28392029]]
1150 Cost:  24.0594 
Prediction:
 [[ 140.65678406]
 [ 110.55006409]
 [ 147.12710571]
 [ 185.55236816]
 [ 178.00874329]
 [ 197.5852356 ]
 [ 140.65678406]
 [ 110.55006409]
 [ 147.12710571]
 [ 185.55236816]]
1160 Cost:  22.1584 
Prediction:
 [[ 177.94549561]
 [ 197.51171875]
 [ 140.59329224]
 [ 110.49281311]
 [ 147.08442688]
 [ 185.47320557]
 [ 177.94549561]
 [ 197.51171875]
 [ 140.59329224]
 [ 110.49281311]]
1170 Cost:  15.5115 
Prediction:
 [[ 146.92984009]
 [ 185.26022339]
 [ 177.75004578]
 [ 197.29429626]
 [ 140.42782593]
 [ 110.36055756]
 [ 146.92984009]
 [ 185.26022339]
 [ 177.75004578]
 [ 197.29429626]]
1180 Cost:  23.7763 
Prediction:
 [[ 140.62901306]
 [ 110.49884033]
 [ 147.17475891]
 [ 185.52789307]
 [ 178.02790833]
 [ 197.59243774]
 [ 140.62901306]
 [ 110.49884033]
 [ 147.17475891]
 [ 185.52789307]]
1190 Cost:  21.9226 
Prediction:
 [[ 177.96669006]
 [ 197.5211792 ]
 [ 140.56726074]
 [ 110.44296265]
 [ 147.13369751]
 [ 185.45095825]
 [ 177.96669006]
 [ 197.5211792 ]
 [ 140.56726074]
 [ 110.44296265]]
1200 Cost:  15.3108 
Prediction:
 [[ 146.97956848]
 [ 185.23878479]
 [ 177.77189636]
 [ 197.30448914]
 [ 140.40245056]
 [ 110.31128693]
 [ 146.97956848]
 [ 185.23878479]
 [ 177.77189636]
 [ 197.30448914]]
1210 Cost:  23.4985 
Prediction:
 [[ 140.60154724]
 [ 110.4480896 ]
 [ 147.22192383]
 [ 185.50364685]
 [ 178.04684448]
 [ 197.59950256]
 [ 140.60154724]
 [ 110.4480896 ]
 [ 147.22192383]
 [ 185.50364685]]
1220 Cost:  21.6909 
Prediction:
 [[ 177.98770142]
 [ 197.53051758]
 [ 140.54153442]
 [ 110.39356995]
 [ 147.18247986]
 [ 185.42892456]
 [ 177.98770142]
 [ 197.53051758]
 [ 140.54153442]
 [ 110.39356995]]
1230 Cost:  15.1138 
Prediction:
 [[ 147.02883911]
 [ 185.21757507]
 [ 177.7935791 ]
 [ 197.31459045]
 [ 140.37741089]
 [ 110.26245117]
 [ 147.02883911]
 [ 185.21757507]
 [ 177.7935791 ]
 [ 197.31459045]]
1240 Cost:  23.2256 
Prediction:
 [[ 140.57441711]
 [ 110.39780426]
 [ 147.26863098]
 [ 185.47966003]
 [ 178.06564331]
 [ 197.60647583]
 [ 140.57441711]
 [ 110.39780426]
 [ 147.26863098]
 [ 185.47966003]]
1250 Cost:  21.4633 
Prediction:
 [[ 178.00849915]
 [ 197.53968811]
 [ 140.51611328]
 [ 110.34462738]
 [ 147.23077393]
 [ 185.40713501]
 [ 178.00849915]
 [ 197.53968811]
 [ 140.51611328]
 [ 110.34462738]]
1260 Cost:  14.9208 
Prediction:
 [[ 147.07756042]
 [ 185.19656372]
 [ 177.81500244]
 [ 197.32449341]
 [ 140.35263062]
 [ 110.21407318]
 [ 147.07756042]
 [ 185.19656372]
 [ 177.81500244]
 [ 197.32449341]]
1270 Cost:  22.9579 
Prediction:
 [[ 140.54756165]
 [ 110.34798431]
 [ 147.31484985]
 [ 185.45588684]
 [ 178.08422852]
 [ 197.61332703]
 [ 140.54756165]
 [ 110.34798431]
 [ 147.31484985]
 [ 185.45588684]]
1280 Cost:  21.2397 
Prediction:
 [[ 178.02909851]
 [ 197.54876709]
 [ 140.4909668 ]
 [ 110.29612732]
 [ 147.27859497]
 [ 185.38554382]
 [ 178.02909851]
 [ 197.54876709]
 [ 140.4909668 ]
 [ 110.29612732]]
1290 Cost:  14.7314 
Prediction:
 [[ 147.12585449]
 [ 185.17581177]
 [ 177.83628845]
 [ 197.33433533]
 [ 140.32818604]
 [ 110.16614532]
 [ 147.12585449]
 [ 185.17581177]
 [ 177.83628845]
 [ 197.33433533]]
1300 Cost:  22.6949 
Prediction:
 [[ 140.52107239]
 [ 110.29862213]
 [ 147.36065674]
 [ 185.43241882]
 [ 178.10267639]
 [ 197.62008667]
 [ 140.52107239]
 [ 110.29862213]
 [ 147.36065674]
 [ 185.43241882]]
1310 Cost:  21.0201 
Prediction:
 [[ 178.04949951]
 [ 197.55769348]
 [ 140.46614075]
 [ 110.24807739]
 [ 147.32594299]
 [ 185.36421204]
 [ 178.04949951]
 [ 197.55769348]
 [ 140.46614075]
 [ 110.24807739]]
1320 Cost:  14.5456 
Prediction:
 [[ 147.17366028]
 [ 185.15525818]
 [ 177.85736084]
 [ 197.34399414]
 [ 140.30400085]
 [ 110.11865234]
 [ 147.17366028]
 [ 185.15525818]
 [ 177.85736084]
 [ 197.34399414]]
1330 Cost:  22.4367 
Prediction:
 [[ 140.49485779]
 [ 110.24971008]
 [ 147.4059906 ]
 [ 185.40914917]
 [ 178.12094116]
 [ 197.6267395 ]
 [ 140.49485779]
 [ 110.24971008]
 [ 147.4059906 ]
 [ 185.40914917]]
1340 Cost:  20.8043 
Prediction:
 [[ 178.06971741]
 [ 197.56651306]
 [ 140.44161987]
 [ 110.20046997]
 [ 147.37283325]
 [ 185.34307861]
 [ 178.06971741]
 [ 197.56651306]
 [ 140.44161987]
 [ 110.20046997]]
1350 Cost:  14.3635 
Prediction:
 [[ 147.22096252]
 [ 185.13490295]
 [ 177.87818909]
 [ 197.35353088]
 [ 140.28009033]
 [ 110.07157135]
 [ 147.22096252]
 [ 185.13490295]
 [ 177.87818909]
 [ 197.35353088]]
1360 Cost:  22.1832 
Prediction:
 [[ 140.46899414]
 [ 110.20124054]
 [ 147.4508667 ]
 [ 185.38613892]
 [ 178.13902283]
 [ 197.63330078]
 [ 140.46899414]
 [ 110.20124054]
 [ 147.4508667 ]
 [ 185.38613892]]
1370 Cost:  20.5922 
Prediction:
 [[ 178.0897522 ]
 [ 197.57521057]
 [ 140.41738892]
 [ 110.15328979]
 [ 147.41925049]
 [ 185.32215881]
 [ 178.0897522 ]
 [ 197.57521057]
 [ 140.41738892]
 [ 110.15328979]]
1380 Cost:  14.1847 
Prediction:
 [[ 147.26783752]
 [ 185.11479187]
 [ 177.89886475]
 [ 197.36294556]
 [ 140.25650024]
 [ 110.02493286]
 [ 147.26783752]
 [ 185.11479187]
 [ 177.89886475]
 [ 197.36294556]]
1390 Cost:  21.9343 
Prediction:
 [[ 140.44340515]
 [ 110.15322876]
 [ 147.49533081]
 [ 185.3633728 ]
 [ 178.15696716]
 [ 197.63978577]
 [ 140.44340515]
 [ 110.15322876]
 [ 147.49533081]
 [ 185.3633728 ]]
1400 Cost:  20.384 
Prediction:
 [[ 178.10958862]
 [ 197.58378601]
 [ 140.39343262]
 [ 110.10654449]
 [ 147.46522522]
 [ 185.30148315]
 [ 178.10958862]
 [ 197.58378601]
 [ 140.39343262]
 [ 110.10654449]]
1410 Cost:  14.0094 
Prediction:
 [[ 147.3142395 ]
 [ 185.09487915]
 [ 177.91934204]
 [ 197.37223816]
 [ 140.23318481]
 [ 109.97872925]
 [ 147.3142395 ]
 [ 185.09487915]
 [ 177.91934204]
 [ 197.37223816]]
1420 Cost:  21.6899 
Prediction:
 [[ 140.4181366 ]
 [ 110.1056366 ]
 [ 147.53933716]
 [ 185.34085083]
 [ 178.17472839]
 [ 197.64613342]
 [ 140.4181366 ]
 [ 110.1056366 ]
 [ 147.53933716]
 [ 185.34085083]]
1430 Cost:  20.1793 
Prediction:
 [[ 178.12924194]
 [ 197.59222412]
 [ 140.36976624]
 [ 110.06021881]
 [ 147.51072693]
 [ 185.28100586]
 [ 178.12924194]
 [ 197.59222412]
 [ 140.36976624]
 [ 110.06021881]]
1440 Cost:  13.8375 
Prediction:
 [[ 147.36016846]
 [ 185.07516479]
 [ 177.93960571]
 [ 197.38137817]
 [ 140.21014404]
 [ 109.93293762]
 [ 147.36016846]
 [ 185.07516479]
 [ 177.93960571]
 [ 197.38137817]]
1450 Cost:  21.4499 
Prediction:
 [[ 140.39315796]
 [ 110.05848694]
 [ 147.58291626]
 [ 185.31854248]
 [ 178.19230652]
 [ 197.65238953]
 [ 140.39315796]
 [ 110.05848694]
 [ 147.58291626]
 [ 185.31854248]]
1460 Cost:  19.9782 
Prediction:
 [[ 178.1486969 ]
 [ 197.60054016]
 [ 140.34638977]
 [ 110.01431274]
 [ 147.55578613]
 [ 185.26074219]
 [ 178.1486969 ]
 [ 197.60054016]
 [ 140.34638977]
 [ 110.01431274]]
1470 Cost:  13.6689 
Prediction:
 [[ 147.40567017]
 [ 185.05566406]
 [ 177.95970154]
 [ 197.39041138]
 [ 140.18737793]
 [ 109.88757324]
 [ 147.40567017]
 [ 185.05566406]
 [ 177.95970154]
 [ 197.39041138]]
1480 Cost:  21.2142 
Prediction:
 [[ 140.3684845 ]
 [ 110.01177979]
 [ 147.62606812]
 [ 185.29647827]
 [ 178.20973206]
 [ 197.65852356]
 [ 140.3684845 ]
 [ 110.01177979]
 [ 147.62606812]
 [ 185.29647827]]
1490 Cost:  19.7806 
Prediction:
 [[ 178.16798401]
 [ 197.60873413]
 [ 140.32327271]
 [ 109.96884155]
 [ 147.60040283]
 [ 185.24067688]
 [ 178.16798401]
 [ 197.60873413]
 [ 140.32327271]
 [ 109.96884155]]
1500 Cost:  13.5035 
Prediction:
 [[ 147.45069885]
 [ 185.03637695]
 [ 177.979599  ]
 [ 197.39932251]
 [ 140.16490173]
 [ 109.84261322]
 [ 147.45069885]
 [ 185.03637695]
 [ 177.979599  ]
 [ 197.39932251]]
1510 Cost:  20.9828 
Prediction:
 [[ 140.34410095]
 [ 109.96549225]
 [ 147.66880798]
 [ 185.27464294]
 [ 178.22702026]
 [ 197.66461182]
 [ 140.34410095]
 [ 109.96549225]
 [ 147.66880798]
 [ 185.27464294]]
1520 Cost:  19.5864 
Prediction:
 [[ 178.18707275]
 [ 197.61682129]
 [ 140.30044556]
 [ 109.92376709]
 [ 147.64456177]
 [ 185.2208252 ]
 [ 178.18707275]
 [ 197.61682129]
 [ 140.30044556]
 [ 109.92376709]]
1530 Cost:  13.3411 
Prediction:
 [[ 147.49531555]
 [ 185.01727295]
 [ 177.99931335]
 [ 197.40811157]
 [ 140.1427002 ]
 [ 109.79805756]
 [ 147.49531555]
 [ 185.01727295]
 [ 177.99931335]
 [ 197.40811157]]
1540 Cost:  20.7555 
Prediction:
 [[ 140.31999207]
 [ 109.9196167 ]
 [ 147.71110535]
 [ 185.25302124]
 [ 178.24411011]
 [ 197.670578  ]
 [ 140.31999207]
 [ 109.9196167 ]
 [ 147.71110535]
 [ 185.25302124]]
1550 Cost:  19.3956 
Prediction:
 [[ 178.20599365]
 [ 197.62478638]
 [ 140.27787781]
 [ 109.87910461]
 [ 147.68830872]
 [ 185.20118713]
 [ 178.20599365]
 [ 197.62478638]
 [ 140.27787781]
 [ 109.87910461]]
1560 Cost:  13.182 
Prediction:
 [[ 147.53945923]
 [ 184.99836731]
 [ 178.01882935]
 [ 197.41674805]
 [ 140.12072754]
 [ 109.75390625]
 [ 147.53945923]
 [ 184.99836731]
 [ 178.01882935]
 [ 197.41674805]]
1570 Cost:  20.5324 
Prediction:
 [[ 140.29620361]
 [ 109.87417603]
 [ 147.75299072]
 [ 185.23164368]
 [ 178.26106262]
 [ 197.67645264]
 [ 140.29620361]
 [ 109.87417603]
 [ 147.75299072]
 [ 185.23164368]]
1580 Cost:  19.2081 
Prediction:
 [[ 178.22473145]
 [ 197.63262939]
 [ 140.25559998]
 [ 109.8348465 ]
 [ 147.73161316]
 [ 185.18174744]
 [ 178.22473145]
 [ 197.63262939]
 [ 140.25559998]
 [ 109.8348465 ]]
1590 Cost:  13.0259 
Prediction:
 [[ 147.58317566]
 [ 184.97967529]
 [ 178.03817749]
 [ 197.42529297]
 [ 140.0990448 ]
 [ 109.71016693]
 [ 147.58317566]
 [ 184.97967529]
 [ 178.03817749]
 [ 197.42529297]]
1600 Cost:  20.3132 
Prediction:
 [[ 140.27267456]
 [ 109.82913971]
 [ 147.79446411]
 [ 185.21047974]
 [ 178.27786255]
 [ 197.68223572]
 [ 140.27267456]
 [ 109.82913971]
 [ 147.79446411]
 [ 185.21047974]]
1610 Cost:  19.0239 
Prediction:
 [[ 178.24330139]
 [ 197.64038086]
 [ 140.2335968 ]
 [ 109.791008  ]
 [ 147.77449036]
 [ 185.1625061 ]
 [ 178.24330139]
 [ 197.64038086]
 [ 140.2335968 ]
 [ 109.791008  ]]
1620 Cost:  12.8727 
Prediction:
 [[ 147.62646484]
 [ 184.96116638]
 [ 178.05732727]
 [ 197.43367004]
 [ 140.07762146]
 [ 109.66681671]
 [ 147.62646484]
 [ 184.96116638]
 [ 178.05732727]
 [ 197.43367004]]
1630 Cost:  20.098 
Prediction:
 [[ 140.24942017]
 [ 109.78451538]
 [ 147.83554077]
 [ 185.18952942]
 [ 178.29449463]
 [ 197.68792725]
 [ 140.24942017]
 [ 109.78451538]
 [ 147.83554077]
 [ 185.18952942]]
1640 Cost:  18.8428 
Prediction:
 [[ 178.26168823]
 [ 197.64802551]
 [ 140.21186829]
 [ 109.74754333]
 [ 147.81697083]
 [ 185.14349365]
 [ 178.26168823]
 [ 197.64802551]
 [ 140.21186829]
 [ 109.74754333]]
1650 Cost:  12.7224 
Prediction:
 [[ 147.66934204]
 [ 184.94284058]
 [ 178.0763092 ]
 [ 197.44198608]
 [ 140.05645752]
 [ 109.62386322]
 [ 147.66934204]
 [ 184.94284058]
 [ 178.0763092 ]
 [ 197.44198608]]
1660 Cost:  19.8866 
Prediction:
 [[ 140.22648621]
 [ 109.74031067]
 [ 147.87620544]
 [ 185.16882324]
 [ 178.31098938]
 [ 197.69352722]
 [ 140.22648621]
 [ 109.74031067]
 [ 147.87620544]
 [ 185.16882324]]
1670 Cost:  18.6648 
Prediction:
 [[ 178.27989197]
 [ 197.65550232]
 [ 140.19035339]
 [ 109.70448303]
 [ 147.85899353]
 [ 185.12463379]
 [ 178.27989197]
 [ 197.65550232]
 [ 140.19035339]
 [ 109.70448303]]
1680 Cost:  12.575 
Prediction:
 [[ 147.71177673]
 [ 184.92472839]
 [ 178.09512329]
 [ 197.45016479]
 [ 140.0355835 ]
 [ 109.58129883]
 [ 147.71177673]
 [ 184.92472839]
 [ 178.09512329]
 [ 197.45016479]]
1690 Cost:  19.6789 
Prediction:
 [[ 140.20379639]
 [ 109.69648743]
 [ 147.91648865]
 [ 185.14831543]
 [ 178.32733154]
 [ 197.69903564]
 [ 140.20379639]
 [ 109.69648743]
 [ 147.91648865]
 [ 185.14831543]]
1700 Cost:  18.4899 
Prediction:
 [[ 178.29794312]
 [ 197.66291809]
 [ 140.16914368]
 [ 109.66181183]
 [ 147.90061951]
 [ 185.10600281]
 [ 178.29794312]
 [ 197.66291809]
 [ 140.16914368]
 [ 109.66181183]]
1710 Cost:  12.4304 
Prediction:
 [[ 147.75379944]
 [ 184.90679932]
 [ 178.11375427]
 [ 197.45820618]
 [ 140.0149231 ]
 [ 109.53912354]
 [ 147.75379944]
 [ 184.90679932]
 [ 178.11375427]
 [ 197.45820618]]
1720 Cost:  19.475 
Prediction:
 [[ 140.18139648]
 [ 109.65307617]
 [ 147.9563446 ]
 [ 185.12802124]
 [ 178.34350586]
 [ 197.70445251]
 [ 140.18139648]
 [ 109.65307617]
 [ 147.9563446 ]
 [ 185.12802124]]
1730 Cost:  18.3179 
Prediction:
 [[ 178.31581116]
 [ 197.67019653]
 [ 140.14816284]
 [ 109.61951447]
 [ 147.94181824]
 [ 185.08753967]
 [ 178.31581116]
 [ 197.67019653]
 [ 140.14816284]
 [ 109.61951447]]
1740 Cost:  12.2884 
Prediction:
 [[ 147.79542542]
 [ 184.8890686 ]
 [ 178.13220215]
 [ 197.46614075]
 [ 139.99453735]
 [ 109.49731445]
 [ 147.79542542]
 [ 184.8890686 ]
 [ 178.13220215]
 [ 197.46614075]]
1750 Cost:  19.2747 
Prediction:
 [[ 140.15925598]
 [ 109.61004639]
 [ 147.99583435]
 [ 185.10794067]
 [ 178.35954285]
 [ 197.70977783]
 [ 140.15925598]
 [ 109.61004639]
 [ 147.99583435]
 [ 185.10794067]]
1760 Cost:  18.1489 
Prediction:
 [[ 178.33355713]
 [ 197.67738342]
 [ 140.12745667]
 [ 109.57762146]
 [ 147.9826355 ]
 [ 185.06929016]
 [ 178.33355713]
 [ 197.67738342]
 [ 140.12745667]
 [ 109.57762146]]
1770 Cost:  12.1492 
Prediction:
 [[ 147.83662415]
 [ 184.87150574]
 [ 178.15048218]
 [ 197.47398376]
 [ 139.97439575]
 [ 109.4559021 ]
 [ 147.83662415]
 [ 184.87150574]
 [ 178.15048218]
 [ 197.47398376]]
1780 Cost:  19.078 
Prediction:
 [[ 140.13737488]
 [ 109.56742096]
 [ 148.03492737]
 [ 185.08807373]
 [ 178.37541199]
 [ 197.71502686]
 [ 140.13737488]
 [ 109.56742096]
 [ 148.03492737]
 [ 185.08807373]]
1790 Cost:  17.9828 
Prediction:
 [[ 178.35107422]
 [ 197.6844635 ]
 [ 140.10700989]
 [ 109.53608704]
 [ 148.02302551]
 [ 185.05122375]
 [ 178.35107422]
 [ 197.6844635 ]
 [ 140.10700989]
 [ 109.53608704]]
1800 Cost:  12.0127 
Prediction:
 [[ 147.87739563]
 [ 184.85411072]
 [ 178.1685791 ]
 [ 197.48170471]
 [ 139.95448303]
 [ 109.41484833]
 [ 147.87739563]
 [ 184.85411072]
 [ 178.1685791 ]
 [ 197.48170471]]
1810 Cost:  18.8848 
Prediction:
 [[ 140.11575317]
 [ 109.52516937]
 [ 148.0736084 ]
 [ 185.06838989]
 [ 178.39115906]
 [ 197.72018433]
 [ 140.11575317]
 [ 109.52516937]
 [ 148.0736084 ]
 [ 185.06838989]]
1820 Cost:  17.8195 
Prediction:
 [[ 178.36845398]
 [ 197.69143677]
 [ 140.08679199]
 [ 109.49492645]
 [ 148.06303406]
 [ 185.03335571]
 [ 178.36845398]
 [ 197.69143677]
 [ 140.08679199]
 [ 109.49492645]]
1830 Cost:  11.8787 
Prediction:
 [[ 147.9178009 ]
 [ 184.83694458]
 [ 178.18652344]
 [ 197.48930359]
 [ 139.93484497]
 [ 109.3741684 ]
 [ 147.9178009 ]
 [ 184.83694458]
 [ 178.18652344]
 [ 197.48930359]]
1840 Cost:  18.6949 
Prediction:
 [[ 140.09442139]
 [ 109.48330688]
 [ 148.11195374]
 [ 185.04893494]
 [ 178.40673828]
 [ 197.72525024]
 [ 140.09442139]
 [ 109.48330688]
 [ 148.11195374]
 [ 185.04893494]]
1850 Cost:  17.659 
Prediction:
 [[ 178.38568115]
 [ 197.69830322]
 [ 140.06684875]
 [ 109.45417023]
 [ 148.10266113]
 [ 185.01567078]
 [ 178.38568115]
 [ 197.69830322]
 [ 140.06684875]
 [ 109.45417023]]
1860 Cost:  11.7472 
Prediction:
 [[ 147.95780945]
 [ 184.81991577]
 [ 178.20429993]
 [ 197.49679565]
 [ 139.91543579]
 [ 109.3338623 ]
 [ 147.95780945]
 [ 184.81991577]
 [ 178.20429993]
 [ 197.49679565]]
1870 Cost:  18.5084 
Prediction:
 [[ 140.07333374]
 [ 109.44182587]
 [ 148.14990234]
 [ 185.0296936 ]
 [ 178.42219543]
 [ 197.73023987]
 [ 140.07333374]
 [ 109.44182587]
 [ 148.14990234]
 [ 185.0296936 ]]
1880 Cost:  17.5012 
Prediction:
 [[ 178.40272522]
 [ 197.70504761]
 [ 140.04711914]
 [ 109.41374207]
 [ 148.14186096]
 [ 184.99815369]
 [ 178.40272522]
 [ 197.70504761]
 [ 140.04711914]
 [ 109.41374207]]
1890 Cost:  11.6182 
Prediction:
 [[ 147.99739075]
 [ 184.80310059]
 [ 178.22190857]
 [ 197.50418091]
 [ 139.89627075]
 [ 109.29391479]
 [ 147.99739075]
 [ 184.80310059]
 [ 178.22190857]
 [ 197.50418091]]
1900 Cost:  18.3252 
Prediction:
 [[ 140.05252075]
 [ 109.40071106]
 [ 148.1875    ]
 [ 185.01066589]
 [ 178.43751526]
 [ 197.7351532 ]
 [ 140.05252075]
 [ 109.40071106]
 [ 148.1875    ]
 [ 185.01066589]]
1910 Cost:  17.346 
Prediction:
 [[ 178.41963196]
 [ 197.71168518]
 [ 140.02763367]
 [ 109.37368774]
 [ 148.18069458]
 [ 184.9808197 ]
 [ 178.41963196]
 [ 197.71168518]
 [ 140.02763367]
 [ 109.37368774]]
1920 Cost:  11.4917 
Prediction:
 [[ 148.03660583]
 [ 184.78643799]
 [ 178.23933411]
 [ 197.51144409]
 [ 139.87733459]
 [ 109.25432587]
 [ 148.03660583]
 [ 184.78643799]
 [ 178.23933411]
 [ 197.51144409]]
1930 Cost:  18.1453 
Prediction:
 [[ 140.03193665]
 [ 109.35997009]
 [ 148.22468567]
 [ 184.99179077]
 [ 178.4526825 ]
 [ 197.73995972]
 [ 140.03193665]
 [ 109.35997009]
 [ 148.22468567]
 [ 184.99179077]]
1940 Cost:  17.1935 
Prediction:
 [[ 178.43637085]
 [ 197.71824646]
 [ 140.00840759]
 [ 109.33400726]
 [ 148.21914673]
 [ 184.96368408]
 [ 178.43637085]
 [ 197.71824646]
 [ 140.00840759]
 [ 109.33400726]]
1950 Cost:  11.3674 
Prediction:
 [[ 148.07543945]
 [ 184.7699585 ]
 [ 178.25663757]
 [ 197.51861572]
 [ 139.85864258]
 [ 109.21509552]
 [ 148.07543945]
 [ 184.7699585 ]
 [ 178.25663757]
 [ 197.51861572]]
1960 Cost:  17.9685 
Prediction:
 [[ 140.01161194]
 [ 109.3196106 ]
 [ 148.26153564]
 [ 184.97314453]
 [ 178.46769714]
 [ 197.7447052 ]
 [ 140.01161194]
 [ 109.3196106 ]
 [ 148.26153564]
 [ 184.97314453]]
1970 Cost:  17.0435 
Prediction:
 [[ 178.45294189]
 [ 197.72470093]
 [ 139.9894104 ]
 [ 109.29466248]
 [ 148.25721741]
 [ 184.94671631]
 [ 178.45294189]
 [ 197.72470093]
 [ 139.9894104 ]
 [ 109.29466248]]
1980 Cost:  11.2456 
Prediction:
 [[ 148.11387634]
 [ 184.75364685]
 [ 178.27374268]
 [ 197.52566528]
 [ 139.84017944]
 [ 109.17621613]
 [ 148.11387634]
 [ 184.75364685]
 [ 178.27374268]
 [ 197.52566528]]
1990 Cost:  17.7948 
Prediction:
 [[ 139.99154663]
 [ 109.27960205]
 [ 148.29800415]
 [ 184.9546814 ]
 [ 178.48258972]
 [ 197.74935913]
 [ 139.99154663]
 [ 109.27960205]
 [ 148.29800415]
 [ 184.9546814 ]]
2000 Cost:  16.896 
Prediction:
 [[ 178.46937561]
 [ 197.73104858]
 [ 139.97065735]
 [ 109.2556839 ]
 [ 148.29492188]
 [ 184.92993164]
 [ 178.46937561]
 [ 197.73104858]
 [ 139.97065735]
 [ 109.2556839 ]]
